#alpha   flux    T[0]    T[10000]
0.001000  1.000000  420.301513 420.301513
0.001000  10.000000  603.015126 603.015126
0.001000  100.000000  2430.151261 2430.151261
0.001000  1000.000000  20701.512613 20701.512613
0.001000  10000.000000  203415.126134 203415.126127
0.001000  100000.000000  2030551.261333 2030551.261277
0.000100  1.000000  421.122660 419.480313
0.000100  10.000000  611.226603 594.803128
0.000100  100.000000  2512.266029 2348.031282
0.000100  1000.000000  21522.660287 19880.312820
0.000100  10000.000000  211626.602868 195203.128196
0.000100  100000.000000  2112666.028686 1948431.281960
0.000010  1.000000  456.863264 400.314857
0.000010  10.000000  968.632638 403.148567
0.000010  100.000000  6086.326379 431.485674
0.000010  1000.000000  57263.263791 714.856737
0.000010  10000.000000  569032.637911 3548.567369
0.000010  100000.000000  5686726.379061 31885.673692
0.000001  1.000000  579.560684 400.000000
0.000001  10.000000  2195.606841 400.000000
0.000001  100.000000  18356.068406 400.000000
0.000001  1000.000000  179960.684060 400.000000
0.000001  10000.000000  1796006.840535 400.000000
0.000001  100000.000000  17956468.405825 400.000000
0.0000001  1.000000  959.486063 400.000000
0.0000001  10.000000  5994.860629 400.000000
0.0000001  100.000000  56348.606294 400.000000
0.0000001  1000.000000  559886.062949 400.000000
0.0000001  10000.000000  5595260.629854 400.000000
0.0000001  100000.000000  55949006.296277 400.000000
0.00000001  1.000000  1846.525600 400.000000
0.00000001  10.000000  14865.256001 400.000000
0.00000001  100.000000  145052.560018 400.000000
0.00000001  10000.000000  14465656.002127 400.000000
0.00000001  1000.000000  1446925.599960 400.000000
0.00000001  100000.000000  144652960.010369 400.000000
